depth	min	max	median	mean
1705	-54	-42	-48	-48
1705.25	-52	-41	-46	-46
1705.5	-49	-39	-44	-44
1705.75	-47	-37	-42	-42
1706	-45	-35	-40	-40
1706.25	-44	-33	-38	-38
1706.5	-42	-31	-36	-36
1706.75	-41	-28	-34	-34
1707	-40	-25	-32	-32
1707.25	-39	-22	-30	-30
1707.5	-38	-19	-28	-28
1707.75	-37	-16	-26	-27
1708	-36	-13	-24	-25
1708.25	-31	-10	-20	-20
1708.5	-26	-7	-16	-16
1708.75	-21	-3	-12	-12
1709	-18	1	-8	-8
1709.25	-14	5	-4	-4
1709.5	-11	10	0	0
1709.75	-8	15	5	4
1710	-6	21	9	9
1710.25	-3	27	13	13
1710.5	-1	33	17	17
1710.75	1	39	21	21
1711	4	45	25	25
1711.25	10	47	29	29
1711.5	15	51	33	33
1711.75	20	54	38	37
1712	25	58	42	42
1712.25	29	62	46	46
1712.5	32	67	50	50
1712.75	35	72	54	54
1713	37	79	58	58
1713.25	39	85	62	62
1713.5	41	91	66	66
1713.75	43	98	71	70
1714	44	105	75	75
1714.25	55	112	83	83
1714.5	63	120	91	91
1714.75	68	134	99	100
1715	72	149	107	108
1715.25	75	165	115	116
1715.5	78	182	123	125
1715.75	81	201	131	133
1716	84	220	138	141
1716.25	86	239	146	150
1716.5	88	258	153	158
1716.75	91	277	160	166
1717	93	297	168	175
1717.25	104	304	178	185
1717.5	111	314	189	195
1717.75	118	322	200	205
1718	123	333	210	216
1718.25	128	345	221	226
1718.5	133	356	232	236
1718.75	137	374	243	246
1719	142	390	254	257
1719.25	147	405	264	267
1719.5	151	423	274	277
1719.75	155	441	283	287
1720	160	463	293	297
1720.25	177	471	303	308
1720.5	191	479	312	318
1720.75	198	485	323	328
1721	203	493	334	338
1721.25	209	502	345	348
1721.5	213	512	355	358
1721.75	217	523	366	368
1722	220	537	379	378
1722.25	224	550	389	388
1722.5	228	564	400	399
1722.75	233	583	410	409
1723	236	605	420	419
1723.25	262	612	434	433
1723.5	283	620	447	447
1723.75	299	627	461	461
1724	315	636	475	475
1724.25	331	646	490	488
1724.5	346	654	504	502
1724.75	356	668	518	516
1725	368	682	532	530
1725.25	379	700	546	544
1725.5	387	723	560	558
1725.75	392	745	572	572
1726	400	772	585	586
1726.25	419	776	595	596
1726.5	435	781	605	606
1726.75	448	787	615	616
1727	464	793	625	626
1727.25	474	799	635	636
1727.5	483	806	646	646
1727.75	497	813	656	656
1728	507	820	666	666
1728.25	514	827	678	676
1728.5	521	834	689	686
1728.75	528	843	699	696
1729	533	853	710	706
1729.25	559	857	719	717
1729.5	583	860	728	727
1729.75	608	865	736	738
1730	633	869	745	748
1730.25	654	873	754	759
1730.5	673	878	763	769
1730.75	690	882	772	780
1731	703	887	781	790
1731.25	714	897	791	801
1731.5	724	911	802	811
1731.75	732	927	813	822
1732	739	945	823	832
1732.25	746	953	830	840
1732.5	753	962	838	847
1732.75	758	971	846	854
1733	762	983	854	862
1733.25	766	995	862	869
1733.5	769	1007	870	877
1733.75	773	1019	879	884
1734	775	1032	886	891
1734.25	778	1046	893	899
1734.5	780	1058	901	906
1734.75	783	1073	908	914
1735	785	1088	915	921
1735.25	794	1095	922	928
1735.5	802	1101	929	936
1735.75	809	1112	937	943
1736	814	1122	944	951
1736.25	819	1133	951	958
1736.5	824	1143	960	965
1736.75	829	1155	968	973
1737	834	1165	976	980
1737.25	838	1177	983	988
1737.5	841	1188	990	995
1737.75	844	1201	997	1003
1738	847	1217	1004	1010
1738.25	864	1227	1014	1021
1738.5	876	1238	1026	1032
1738.75	884	1249	1037	1044
1739	891	1263	1049	1055
1739.25	898	1279	1061	1066
1739.5	904	1299	1072	1077
1739.75	909	1315	1083	1088
1740	914	1334	1093	1100
1740.25	919	1355	1104	1111
1740.5	923	1378	1115	1122
1740.75	928	1400	1125	1133
1741	933	1424	1134	1144
1741.25	945	1428	1143	1153
1741.5	957	1434	1152	1162
1741.75	965	1440	1161	1171
1742	974	1447	1170	1180
1742.25	982	1456	1179	1189
1742.5	988	1465	1189	1198
1742.75	995	1471	1199	1207
1743	1002	1480	1209	1216
1743.25	1007	1487	1219	1225
1743.5	1011	1496	1228	1234
1743.75	1015	1503	1239	1243
1744	1019	1512	1249	1252
1744.25	1029	1516	1257	1260
1744.5	1040	1519	1265	1268
1744.75	1048	1526	1274	1276
1745	1058	1530	1283	1284
1745.25	1067	1535	1290	1292
1745.5	1074	1539	1297	1300
1745.75	1082	1544	1307	1308
1746	1092	1551	1316	1316
1746.25	1098	1559	1326	1324
1746.5	1105	1565	1335	1332
1746.75	1113	1572	1343	1340
1747	1119	1579	1352	1348
1747.25	1126	1585	1359	1356
1747.5	1136	1591	1366	1364
1747.75	1146	1598	1374	1372
1748	1157	1606	1383	1380
1748.25	1166	1614	1391	1388
1748.5	1172	1624	1398	1396
1748.75	1180	1638	1405	1404
1749	1185	1650	1412	1412
1749.25	1187	1661	1419	1420
1749.5	1191	1673	1428	1428
1749.75	1195	1685	1435	1436
1750	1200	1697	1442	1444
1750.25	1216	1700	1450	1453
1750.5	1236	1704	1461	1462
1750.75	1250	1707	1469	1471
1751	1259	1711	1478	1481
1751.25	1271	1715	1486	1490
1751.5	1285	1718	1496	1499
1751.75	1293	1723	1507	1508
1752	1303	1728	1516	1517
1752.25	1312	1733	1526	1526
1752.5	1318	1736	1537	1535
1752.75	1327	1742	1547	1544
1753	1334	1751	1556	1553
1753.25	1345	1755	1564	1561
1753.5	1357	1760	1573	1569
1753.75	1366	1766	1582	1577
1754	1375	1772	1590	1585
1754.25	1383	1776	1598	1592
1754.5	1390	1781	1607	1600
1754.75	1399	1788	1614	1608
1755	1405	1793	1622	1616
1755.25	1413	1800	1630	1624
1755.5	1421	1806	1638	1631
1755.75	1427	1814	1646	1639
1756	1435	1823	1655	1647
1756.25	1447	1827	1663	1656
1756.5	1461	1832	1672	1665
1756.75	1475	1836	1679	1674
1757	1493	1840	1688	1683
1757.25	1508	1845	1696	1692
1757.5	1519	1849	1706	1701
1757.75	1533	1856	1715	1710
1758	1544	1862	1723	1719
1758.25	1553	1870	1732	1728
1758.5	1561	1880	1741	1738
1758.75	1570	1889	1751	1747
1759	1578	1901	1759	1756
1759.25	1596	1906	1766	1764
1759.5	1615	1910	1774	1771
1759.75	1634	1914	1782	1779
1760	1655	1918	1789	1787
1760.25	1672	1924	1796	1795
1760.5	1686	1931	1804	1803
1760.75	1701	1939	1812	1811
1761	1715	1946	1819	1818
1761.25	1727	1951	1826	1826
1761.5	1737	1958	1834	1834
1761.75	1743	1965	1842	1842
1762	1749	1975	1850	1850
1762.25	1757	1985	1859	1860
1762.5	1765	1993	1868	1869
1762.75	1773	2004	1878	1879
1763	1780	2018	1888	1889
1763.25	1785	2033	1897	1898
1763.5	1790	2048	1906	1908
1763.75	1795	2066	1915	1918
1764	1800	2086	1924	1928
1764.25	1804	2108	1933	1937
1764.5	1808	2127	1942	1947
1764.75	1812	2149	1951	1957
1765	1815	2169	1959	1966
1765.25	1822	2176	1968	1975
1765.5	1829	2184	1977	1983
1765.75	1836	2190	1986	1992
1766	1841	2199	1994	2000
1766.25	1848	2207	2002	2008
1766.5	1853	2218	2011	2017
1766.75	1860	2229	2020	2025
1767	1864	2237	2029	2033
1767.25	1869	2250	2037	2042
1767.5	1873	2260	2044	2050
1767.75	1879	2274	2052	2059
1768	1883	2292	2061	2067
1768.25	1895	2297	2072	2078
1768.5	1909	2304	2083	2088
1768.75	1920	2310	2093	2099
1769	1928	2321	2103	2109
1769.25	1935	2332	2115	2120
1769.5	1942	2342	2127	2131
1769.75	1948	2356	2138	2141
1770	1953	2373	2148	2152
1770.25	1959	2389	2159	2162
1770.5	1963	2406	2168	2173
1770.75	1966	2420	2178	2184
1771	1970	2441	2187	2194
1771.25	1985	2448	2196	2204
1771.5	1995	2458	2206	2214
1771.75	2003	2467	2216	2223
1772	2013	2479	2227	2233
1772.25	2020	2485	2238	2243
1772.5	2026	2495	2248	2253
1772.75	2034	2509	2259	2262
1773	2040	2521	2270	2272
1773.25	2048	2534	2279	2282
1773.5	2052	2547	2290	2292
1773.75	2057	2564	2299	2301
1774	2061	2583	2309	2311
1774.25	2071	2588	2317	2319
1774.5	2083	2593	2324	2326
1774.75	2094	2599	2330	2334
1775	2102	2604	2338	2342
1775.25	2109	2611	2346	2349
1775.5	2117	2616	2354	2357
1775.75	2123	2622	2362	2364
1776	2130	2628	2370	2372
1776.25	2134	2636	2378	2380
1776.5	2141	2643	2386	2387
1776.75	2146	2651	2394	2395
1777	2152	2660	2402	2402
1777.25	2164	2668	2412	2412
1777.5	2174	2675	2421	2421
1777.75	2182	2680	2431	2431
1778	2194	2687	2440	2440
1778.25	2206	2695	2449	2450
1778.5	2217	2703	2459	2459
1778.75	2224	2710	2468	2468
1779	2232	2719	2477	2478
1779.25	2238	2726	2488	2487
1779.5	2244	2736	2498	2497
1779.75	2249	2747	2507	2506
1780	2254	2759	2516	2515
1780.25	2268	2765	2525	2524
1780.5	2276	2772	2534	2532
1780.75	2285	2779	2543	2541
1781	2295	2787	2551	2549
1781.25	2303	2795	2560	2558
1781.5	2310	2801	2569	2566
1781.75	2317	2812	2578	2574
1782	2325	2822	2587	2583
1782.25	2335	2834	2596	2591
1782.5	2342	2842	2605	2600
1782.75	2347	2854	2612	2608
1783	2353	2864	2620	2616
1783.25	2363	2870	2627	2624
1783.5	2372	2878	2635	2632
1783.75	2378	2884	2642	2640
1784	2385	2891	2651	2648
1784.25	2391	2896	2659	2656
1784.5	2398	2904	2667	2664
1784.75	2403	2912	2675	2672
1785	2409	2922	2684	2680
1785.25	2413	2932	2691	2688
1785.5	2418	2941	2700	2696
1785.75	2421	2951	2708	2704
1786	2426	2963	2716	2712
1786.25	2438	2966	2725	2722
1786.5	2451	2974	2736	2731
1786.75	2463	2980	2747	2741
1787	2474	2984	2757	2750
1787.25	2487	2990	2768	2760
1787.5	2498	2997	2779	2769
1787.75	2509	3005	2789	2779
1788	2515	3013	2798	2788
1788.25	2524	3021	2807	2798
1788.5	2532	3032	2817	2807
1788.75	2539	3044	2827	2817
1789	2547	3056	2836	2826
1789.25	2566	3061	2847	2836
1789.5	2579	3068	2858	2847
1789.75	2592	3074	2868	2857
1790	2600	3078	2879	2868
1790.25	2612	3085	2890	2878
1790.5	2623	3093	2901	2889
1790.75	2634	3101	2912	2899
1791	2647	3110	2922	2909
1791.25	2658	3117	2932	2920
1791.5	2669	3129	2941	2930
1791.75	2675	3146	2951	2941
1792	2686	3161	2962	2951
1792.25	2707	3164	2971	2960
1792.5	2726	3170	2980	2969
1792.75	2740	3175	2988	2978
1793	2754	3179	2996	2987
1793.25	2767	3185	3004	2995
1793.5	2781	3191	3012	3004
1793.75	2794	3196	3022	3013
1794	2804	3204	3031	3022
1794.25	2813	3210	3041	3031
1794.5	2823	3218	3049	3040
1794.75	2833	3228	3057	3049
1795	2839	3241	3065	3057
1795.25	2858	3245	3072	3067
1795.5	2871	3248	3080	3076
1795.75	2885	3251	3089	3085
1796	2902	3255	3097	3094
1796.25	2919	3259	3106	3104
1796.5	2934	3264	3114	3113
1796.75	2949	3268	3122	3122
1797	2960	3273	3133	3131
1797.25	2972	3279	3144	3140
1797.5	2985	3285	3154	3150
1797.75	2994	3291	3164	3159
1798	3004	3299	3173	3168
1798.25	3024	3303	3182	3178
1798.5	3043	3306	3192	3188
1798.75	3060	3309	3202	3198
1799	3078	3313	3211	3209
1799.25	3095	3316	3222	3219
1799.5	3111	3320	3232	3229
1799.75	3127	3327	3242	3239
1800	3140	3334	3254	3249
1800.25	3153	3344	3264	3260
1800.5	3161	3356	3275	3270
1800.75	3168	3371	3285	3280
1801	3174	3387	3296	3290
1801.25	3187	3399	3308	3302
1801.5	3197	3413	3320	3314
1801.75	3205	3431	3331	3326
1802	3214	3450	3343	3339
1802.25	3220	3473	3355	3351
1802.5	3226	3495	3365	3363
1802.75	3232	3519	3377	3375
1803	3237	3542	3388	3387
1803.25	3240	3567	3398	3399
1803.5	3245	3591	3408	3411
1803.75	3249	3618	3419	3423
1804	3253	3643	3429	3435
1804.25	3266	3653	3441	3446
1804.5	3274	3660	3452	3457
1804.75	3283	3670	3463	3468
1805	3293	3683	3475	3479
1805.25	3302	3695	3485	3490
1805.5	3310	3711	3496	3501
1805.75	3318	3726	3507	3512
1806	3328	3743	3518	3522
1806.25	3335	3764	3529	3533
1806.5	3342	3785	3539	3544
1806.75	3350	3805	3549	3555
1807	3357	3825	3558	3566
1807.25	3373	3840	3570	3578
1807.5	3386	3854	3583	3590
1807.75	3397	3871	3594	3602
1808	3409	3886	3605	3614
1808.25	3417	3902	3618	3626
1808.5	3426	3919	3631	3638
1808.75	3432	3942	3643	3650
1809	3438	3962	3656	3662
1809.25	3446	3981	3667	3674
1809.5	3452	4003	3679	3686
1809.75	3457	4026	3689	3698
1810	3461	4041	3701	3710
1810.25	3478	4050	3713	3722
1810.5	3494	4055	3724	3733
1810.75	3508	4060	3736	3744
1811	3520	4067	3747	3755
1811.25	3534	4073	3759	3767
1811.5	3547	4083	3770	3778
1811.75	3556	4095	3781	3789
1812	3564	4107	3792	3800
1812.25	3575	4121	3804	3812
1812.5	3582	4132	3816	3823
1812.75	3592	4143	3827	3834
1813	3599	4162	3837	3845
1813.25	3615	4167	3850	3858
1813.5	3630	4176	3862	3870
1813.75	3644	4185	3873	3882
1814	3657	4193	3885	3894
1814.25	3666	4203	3895	3906
1814.5	3675	4219	3908	3918
1814.75	3684	4232	3919	3931
1815	3691	4244	3931	3943
1815.25	3697	4264	3944	3955
1815.5	3704	4279	3955	3967
1815.75	3710	4303	3967	3979
1816	3714	4323	3980	3991
1816.25	3730	4330	3992	4003
1816.5	3743	4333	4004	4015
1816.75	3756	4335	4016	4026
1817	3769	4340	4028	4038
1817.25	3780	4349	4039	4050
1817.5	3795	4355	4051	4061
1817.75	3805	4362	4062	4073
1818	3816	4370	4074	4084
1818.25	3827	4381	4086	4096
1818.5	3836	4391	4099	4108
1818.75	3842	4408	4108	4119
1819	3848	4423	4119	4131
1819.25	3865	4431	4133	4143
1819.5	3879	4442	4147	4156
1819.75	3891	4450	4162	4169
1820	3902	4461	4175	4181
1820.25	3914	4470	4190	4194
1820.5	3922	4483	4205	4207
1820.75	3932	4494	4220	4220
1821	3940	4509	4233	4232
1821.25	3948	4524	4247	4245
1821.5	3956	4542	4261	4258
1821.75	3962	4559	4274	4270
1822	3970	4574	4289	4283
1822.25	3982	4582	4300	4295
1822.5	3995	4589	4312	4307
1822.75	4008	4597	4324	4319
1823	4023	4606	4336	4331
1823.25	4035	4615	4348	4343
1823.5	4046	4624	4361	4355
1823.75	4058	4635	4373	4367
1824	4065	4645	4385	4379
1824.25	4073	4657	4397	4391
1824.5	4080	4669	4409	4403
1824.75	4088	4683	4421	4415
1825	4096	4699	4433	4427
1825.25	4109	4704	4446	4439
1825.5	4125	4707	4458	4451
1825.75	4139	4712	4470	4463
1826	4152	4717	4482	4476
1826.25	4165	4725	4494	4488
1826.5	4180	4732	4507	4500
1826.75	4195	4739	4521	4513
1827	4210	4747	4534	4525
1827.25	4220	4754	4547	4537
1827.5	4232	4766	4561	4550
1827.75	4240	4778	4574	4562
1828	4250	4789	4587	4574
1828.25	4296	4793	4599	4588
1828.5	4337	4798	4610	4601
1828.75	4377	4801	4622	4615
1829	4405	4804	4634	4629
1829.25	4436	4807	4647	4642
1829.5	4467	4813	4659	4656
1829.75	4494	4819	4672	4669
1830	4515	4827	4685	4683
1830.25	4533	4833	4697	4697
1830.5	4549	4837	4710	4710
1830.75	4563	4845	4722	4724
1831	4577	4855	4735	4737
1831.25	4593	4865	4749	4752
1831.5	4605	4885	4763	4766
1831.75	4619	4914	4779	4781
1832	4628	4943	4797	4796
1832.25	4639	4970	4813	4810
1832.5	4648	5001	4828	4825
1832.75	4654	5031	4841	4839
1833	4662	5061	4853	4854
1833.25	4668	5091	4865	4869
1833.5	4675	5121	4877	4883
1833.75	4681	5155	4888	4898
1834	4686	5191	4900	4912
1834.25	4701	5202	4912	4925
1834.5	4713	5215	4925	4937
1834.75	4721	5229	4937	4950
1835	4730	5241	4951	4962
1835.25	4737	5257	4965	4975
1835.5	4744	5272	4979	4987
1835.75	4750	5288	4991	5000
1836	4755	5306	5004	5012
1836.25	4761	5332	5017	5025
1836.5	4767	5357	5030	5038
1836.75	4770	5379	5042	5050
1837	4776	5405	5054	5063
1837.25	4793	5415	5073	5080
1837.5	4809	5434	5092	5097
1837.75	4819	5458	5111	5114
1838	4832	5484	5127	5131
1838.25	4845	5509	5144	5149
1838.5	4856	5540	5161	5166
1838.75	4864	5568	5177	5183
1839	4871	5597	5195	5200
1839.25	4878	5624	5211	5218
1839.5	4884	5656	5228	5235
1839.75	4890	5698	5244	5252
1840	4895	5743	5259	5269
1840.25	4914	5748	5277	5288
1840.5	4934	5760	5295	5306
1840.75	4955	5765	5313	5324
1841	4970	5772	5332	5343
1841.25	4990	5788	5351	5361
1841.5	5004	5806	5370	5380
1841.75	5017	5828	5390	5398
1842	5025	5841	5409	5416
1842.25	5033	5857	5429	5435
1842.5	5038	5872	5449	5453
1842.75	5045	5891	5470	5472
1843	5049	5911	5488	5490
1843.25	5083	5920	5506	5509
1843.5	5111	5928	5526	5529
1843.75	5136	5935	5544	5548
1844	5161	5942	5564	5567
1844.25	5180	5950	5584	5586
1844.5	5205	5957	5607	5606
1844.75	5228	5971	5630	5625
1845	5247	5978	5654	5644
1845.25	5267	5990	5679	5663
1845.5	5283	6000	5702	5683
1845.75	5295	6013	5726	5702
1846	5304	6029	5748	5721
1846.25	5344	6039	5764	5740
1846.5	5381	6051	5780	5758
1846.75	5415	6058	5795	5776
1847	5446	6065	5810	5795
1847.25	5477	6078	5827	5813
1847.5	5503	6091	5842	5831
1847.75	5524	6105	5858	5850
1848	5544	6121	5875	5868
1848.25	5570	6137	5893	5887
1848.5	5587	6153	5912	5905
1848.75	5608	6171	5930	5923
1849	5619	6189	5949	5942
1849.25	5662	6196	5964	5959
1849.5	5699	6204	5978	5977
1849.75	5746	6210	5993	5994
1850	5786	6217	6008	6011
1850.25	5825	6224	6025	6029
1850.5	5863	6231	6042	6046
1850.75	5895	6238	6061	6064
1851	5919	6247	6083	6081
1851.25	5937	6258	6104	6099
1851.5	5955	6273	6122	6116
1851.75	5973	6289	6138	6133
1852	5991	6311	6154	6151
1852.25	6009	6317	6166	6164
1852.5	6025	6327	6179	6177
1852.75	6040	6336	6193	6191
1853	6052	6347	6207	6204
1853.25	6063	6358	6219	6217
1853.5	6075	6374	6234	6231
1853.75	6084	6389	6247	6244
1854	6092	6408	6262	6257
1854.25	6100	6430	6276	6270
1854.5	6105	6450	6289	6284
1854.75	6109	6469	6302	6297
1855	6114	6488	6315	6310
1855.25	6132	6492	6323	6319
1855.5	6147	6498	6330	6327
1855.75	6160	6503	6338	6335
1856	6175	6508	6346	6344
1856.25	6185	6512	6354	6352
1856.5	6198	6520	6362	6360
1856.75	6206	6526	6371	6368
1857	6215	6531	6379	6377
1857.25	6223	6537	6388	6385
1857.5	6232	6547	6397	6393
1857.75	6239	6555	6405	6402
1858	6245	6565	6412	6410
1858.25	6267	6572	6423	6422
1858.5	6288	6576	6435	6434
1858.75	6307	6583	6445	6445
1859	6327	6588	6456	6457
1859.25	6346	6594	6467	6469
1859.5	6363	6599	6478	6481
1859.75	6379	6608	6490	6493
1860	6392	6615	6501	6504
1860.25	6402	6624	6514	6516
1860.5	6411	6636	6525	6528
1860.75	6420	6650	6537	6540
1861	6430	6667	6549	6552
1861.25	6457	6683	6569	6571
1861.5	6476	6707	6589	6591
1861.75	6489	6735	6610	6611
1862	6502	6768	6631	6630
1862.25	6510	6798	6651	6650
1862.5	6516	6834	6669	6669
1862.75	6522	6874	6686	6689
1863	6530	6917	6703	6709
1863.25	6536	6961	6720	6728
1863.5	6542	7005	6736	6748
1863.75	6548	7053	6751	6767
1864	6553	7099	6769	6787
1864.25	6566	7107	6784	6801
1864.5	6578	7114	6798	6814
1864.75	6585	7120	6815	6828
1865	6592	7129	6832	6842
1865.25	6598	7138	6849	6856
1865.5	6606	7148	6866	6870
1865.75	6614	7161	6884	6884
1866	6621	7173	6902	6897
1866.25	6627	7186	6920	6911
1866.5	6631	7200	6936	6925
1866.75	6637	7211	6955	6939
1867	6644	7221	6970	6953
1867.25	6677	7227	6983	6967
1867.5	6707	7234	6997	6981
1867.75	6734	7243	7011	6995
1868	6753	7249	7026	7009
1868.25	6768	7256	7039	7023
1868.5	6782	7265	7052	7037
1868.75	6794	7274	7064	7052
1869	6805	7282	7077	7066
1869.25	6816	7290	7091	7080
1869.5	6825	7301	7106	7094
1869.75	6834	7310	7122	7108
1870	6843	7322	7137	7122
1870.25	6873	7341	7167	7152
1870.5	6903	7369	7205	7182
1870.75	6931	7396	7242	7212
1871	6955	7418	7277	7242
1871.25	6977	7448	7310	7273
1871.5	6997	7478	7341	7303
1871.75	7014	7518	7368	7333
1872	7031	7570	7394	7363
1872.25	7053	7624	7419	7393
1872.5	7071	7679	7443	7423
1872.75	7091	7734	7468	7453
1873	7110	7790	7493	7483
1873.25	7140	7800	7515	7500
1873.5	7172	7810	7534	7518
1873.75	7204	7822	7549	7535
1874	7231	7833	7567	7553
1874.25	7267	7845	7584	7570
1874.5	7292	7861	7600	7588
1874.75	7311	7879	7618	7605
1875	7322	7906	7635	7623
1875.25	7333	7939	7649	7640
1875.5	7342	7977	7663	7658
1875.75	7350	8013	7677	7675
1876	7358	8054	7694	7693
1876.25	7384	8062	7708	7707
1876.5	7408	8073	7722	7721
1876.75	7434	8079	7736	7734
1877	7452	8087	7749	7748
1877.25	7470	8094	7761	7762
1877.5	7485	8105	7776	7776
1877.75	7501	8116	7789	7790
1878	7515	8125	7803	7804
1878.25	7528	8135	7819	7817
1878.5	7539	8146	7833	7831
1878.75	7552	8157	7848	7845
1879	7560	8168	7862	7859
1879.25	7595	8177	7882	7877
1879.5	7623	8186	7902	7896
1879.75	7646	8194	7919	7914
1880	7664	8203	7937	7932
1880.25	7681	8211	7957	7951
1880.5	7698	8222	7975	7969
1880.75	7714	8233	7993	7987
1881	7727	8246	8008	8005
1881.25	7740	8259	8029	8024
1881.5	7753	8279	8048	8042
1881.75	7764	8301	8069	8060
1882	7777	8324	8091	8079
1882.25	7816	8327	8105	8097
1882.5	7855	8330	8122	8115
1882.75	7897	8334	8137	8133
1883	7930	8338	8155	8151
1883.25	7964	8342	8171	8169
1883.5	7991	8346	8189	8187
1883.75	8018	8350	8210	8205
1884	8047	8355	8231	8224
1884.25	8083	8364	8252	8242
1884.5	8114	8371	8275	8260
1884.75	8138	8384	8296	8278
1885	8159	8401	8315	8296
1885.25	8182	8412	8333	8314
1885.5	8200	8431	8349	8331
1885.75	8216	8458	8363	8349
1886	8227	8491	8377	8367
1886.25	8236	8522	8391	8385
1886.5	8245	8554	8405	8402
1886.75	8253	8589	8419	8420
1887	8263	8626	8434	8438
1887.25	8272	8662	8448	8455
1887.5	8282	8700	8463	8473
1887.75	8288	8740	8478	8491
1888	8294	8778	8494	8509
1888.25	8319	8784	8509	8523
1888.5	8342	8789	8522	8538
1888.75	8362	8795	8539	8553
1889	8380	8801	8555	8568
1889.25	8396	8808	8572	8582
1889.5	8407	8817	8589	8597
1889.75	8422	8829	8605	8612
1890	8434	8839	8621	8627
1890.25	8446	8850	8638	8641
1890.5	8455	8862	8653	8656
1890.75	8464	8874	8667	8671
1891	8471	8893	8681	8686
1891.25	8503	8905	8697	8702
1891.5	8529	8916	8713	8718
1891.75	8554	8929	8728	8734
1892	8576	8941	8742	8751
1892.25	8593	8953	8757	8767
1892.5	8608	8968	8772	8783
1892.75	8619	8987	8788	8800
1893	8628	9008	8808	8816
1893.25	8639	9029	8827	8832
1893.5	8648	9051	8845	8849
1893.75	8655	9074	8863	8865
1894	8662	9101	8879	8881
1894.25	8691	9109	8897	8900
1894.5	8720	9120	8916	8918
1894.75	8740	9131	8934	8937
1895	8758	9143	8956	8955
1895.25	8772	9157	8976	8973
1895.5	8786	9176	8996	8992
1895.75	8796	9195	9017	9010
1896	8806	9218	9037	9029
1896.25	8816	9243	9055	9047
1896.5	8823	9269	9073	9066
1896.75	8833	9300	9087	9084
1897	8843	9336	9102	9102
1897.25	8872	9345	9120	9120
1897.5	8902	9353	9139	9138
1897.75	8933	9364	9159	9155
1898	8957	9374	9179	9173
1898.25	8983	9388	9198	9190
1898.5	9004	9399	9219	9208
1898.75	9027	9412	9240	9225
1899	9048	9425	9260	9243
1899.25	9069	9437	9280	9260
1899.5	9084	9454	9298	9278
1899.75	9101	9474	9315	9295
1900	9118	9495	9330	9313
1900.25	9134	9504	9337	9322
1900.5	9152	9512	9345	9331
1900.75	9165	9519	9353	9341
1901	9176	9530	9360	9350
1901.25	9186	9538	9367	9359
1901.5	9195	9551	9373	9368
1901.75	9205	9567	9381	9378
1902	9214	9584	9389	9387
1902.25	9219	9601	9398	9396
1902.5	9226	9619	9406	9406
1902.75	9231	9634	9414	9415
1903	9237	9653	9423	9424
1903.25	9257	9662	9430	9433
1903.5	9277	9673	9437	9441
1903.75	9295	9678	9444	9449
1904	9311	9690	9450	9458
1904.25	9326	9699	9457	9466
1904.5	9341	9708	9465	9475
1904.75	9354	9716	9472	9483
1905	9363	9728	9479	9491
1905.25	9373	9742	9487	9500
1905.5	9382	9751	9494	9508
1905.75	9391	9760	9502	9517
1906	9399	9769	9511	9525
1906.25	9418	9780	9517	9534
1906.5	9437	9789	9522	9544
1906.75	9453	9799	9528	9553
1907	9467	9808	9533	9563
1907.25	9480	9822	9538	9572
1907.5	9491	9828	9545	9582
1907.75	9500	9838	9556	9591
1908	9507	9849	9570	9601
1908.25	9513	9862	9583	9610
1908.5	9519	9874	9595	9620
1908.75	9524	9884	9606	9629
1909	9529	9893	9616	9639
1909.25	9545	9903	9629	9652
1909.5	9556	9910	9641	9664
1909.75	9565	9918	9657	9677
1910	9573	9930	9673	9690
1910.25	9580	9940	9687	9702
1910.5	9585	9948	9701	9715
1910.75	9591	9959	9714	9728
1911	9596	9971	9727	9740
1911.25	9599	9983	9739	9753
1911.5	9604	10004	9752	9766
1911.75	9609	10021	9765	9778
1912	9613	10042	9777	9791
1912.25	9626	10051	9793	9806
1912.5	9640	10057	9808	9821
1912.75	9653	10064	9824	9836
1913	9664	10075	9840	9851
1913.25	9672	10086	9857	9866
1913.5	9679	10100	9875	9881
1913.75	9686	10113	9892	9896
1914	9691	10125	9909	9911
1914.25	9694	10140	9926	9926
1914.5	9698	10158	9942	9941
1914.75	9701	10177	9958	9956
1915	9705	10204	9975	9971
1915.25	9724	10214	9987	9983
1915.5	9745	10222	9999	9996
1915.75	9761	10236	10011	10008
1916	9777	10251	10024	10020
1916.25	9789	10270	10035	10033
1916.5	9805	10288	10047	10045
1916.75	9815	10307	10059	10057
1917	9827	10330	10071	10070
1917.25	9836	10350	10085	10082
1917.5	9843	10371	10096	10094
1917.75	9849	10395	10108	10107
1918	9858	10418	10119	10119
1918.25	9888	10424	10134	10135
1918.5	9915	10432	10148	10152
1918.75	9938	10435	10164	10169
1919	9959	10439	10182	10185
1919.25	9976	10445	10200	10202
1919.5	9998	10454	10219	10218
1919.75	10016	10460	10236	10235
1920	10033	10473	10252	10251
1920.25	10047	10482	10267	10268
1920.5	10062	10496	10284	10284
1920.75	10072	10517	10302	10301
1921	10084	10539	10317	10317
1921.25	10113	10544	10333	10332
1921.5	10137	10549	10347	10346
1921.75	10163	10555	10361	10361
1922	10187	10562	10374	10375
1922.25	10206	10573	10389	10390
1922.5	10222	10581	10406	10404
1922.75	10236	10590	10423	10419
1923	10248	10602	10441	10433
1923.25	10260	10616	10459	10448
1923.5	10272	10628	10475	10462
1923.75	10284	10640	10489	10476
1924	10295	10651	10502	10491
1924.25	10307	10660	10513	10501
1924.5	10317	10670	10523	10512
1924.75	10326	10680	10533	10522
1925	10334	10690	10544	10533
1925.25	10342	10701	10554	10543
1925.5	10350	10714	10565	10554
1925.75	10357	10730	10575	10564
1926	10363	10749	10585	10575
1926.25	10368	10770	10594	10585
1926.5	10374	10790	10603	10596
1926.75	10379	10812	10612	10606
1927	10385	10833	10621	10616
1927.25	10401	10843	10633	10629
1927.5	10413	10849	10647	10642
1927.75	10431	10861	10659	10655
1928	10443	10871	10672	10668
1928.25	10453	10883	10683	10681
1928.5	10462	10897	10695	10694
1928.75	10471	10911	10707	10707
1929	10479	10926	10720	10719
1929.25	10486	10947	10733	10732
1929.5	10494	10968	10746	10745
1929.75	10501	10992	10760	10758
1930	10507	11014	10773	10771
1930.25	10519	11020	10785	10783
1930.5	10529	11027	10797	10795
1930.75	10538	11033	10810	10807
1931	10550	11042	10823	10818
1931.25	10558	11048	10835	10830
1931.5	10567	11055	10848	10842
1931.75	10576	11067	10861	10854
1932	10581	11079	10874	10866
1932.25	10588	11090	10888	10878
1932.5	10597	11103	10901	10890
1932.75	10602	11117	10913	10902
1933	10614	11131	10925	10914
1933.25	10634	11136	10938	10927
1933.5	10659	11140	10950	10940
1933.75	10683	11144	10961	10953
1934	10704	11148	10975	10966
1934.25	10729	11152	10989	10979
1934.5	10752	11156	11002	10993
1934.75	10776	11161	11017	11006
1935	10802	11168	11031	11019
1935.25	10828	11174	11047	11032
1935.5	10848	11180	11060	11045
1935.75	10863	11191	11073	11058
1936	10875	11203	11086	11072
1936.25	10905	11207	11097	11085
1936.5	10936	11210	11109	11098
1936.75	10966	11213	11120	11111
1937	10995	11216	11132	11124
1937.25	11026	11221	11144	11137
1937.5	11054	11226	11155	11150
1937.75	11082	11229	11167	11163
1938	11109	11234	11178	11176
1938.25	11129	11242	11190	11189
1938.5	11148	11254	11202	11202
1938.75	11159	11267	11215	11215
1939	11168	11283	11227	11228
1939.25	11196	11298	11241	11243
1939.5	11215	11316	11255	11258
1939.75	11223	11343	11269	11273
1940	11228	11371	11283	11289
1940.25	11232	11401	11297	11304
1940.5	11236	11438	11311	11319
1940.75	11239	11472	11324	11334
1941	11242	11506	11338	11349
1941.25	11244	11544	11352	11364
1941.5	11246	11580	11366	11379
1941.75	11248	11618	11379	11394
1942	11250	11656	11394	11409
1942.25	11267	11669	11408	11426
1942.5	11278	11686	11427	11442
1942.75	11286	11697	11447	11459
1943	11293	11712	11465	11476
1943.25	11298	11726	11483	11492
1943.5	11304	11749	11501	11509
1943.75	11311	11775	11519	11526
1944	11317	11801	11537	11542
1944.25	11322	11832	11553	11559
1944.5	11328	11859	11570	11576
1944.75	11333	11895	11586	11592
1945	11338	11930	11602	11609
1945.25	11362	11941	11618	11626
1945.5	11383	11950	11636	11643
1945.75	11406	11966	11653	11661
1946	11423	11977	11671	11678
1946.25	11437	11990	11689	11695
1946.5	11453	12002	11707	11713
1946.75	11467	12016	11724	11730
1947	11480	12033	11742	11747
1947.25	11493	12047	11760	11765
1947.5	11504	12062	11779	11782
1947.75	11515	12082	11797	11799
1948	11526	12104	11815	11817
1948.25	11553	12108	11829	11831
1948.5	11579	12113	11844	11845
1948.75	11600	12119	11859	11858
1949	11620	12124	11873	11872
1949.25	11636	12128	11888	11886
1949.5	11657	12135	11901	11900
1949.75	11670	12142	11916	11914
1950	11683	12151	11932	11928
1950.25	11696	12160	11946	11942
1950.5	11708	12172	11962	11956
1950.75	11716	12182	11976	11970
1951	11726	12196	11990	11984
1951.25	11742	12199	12000	11994
1951.5	11756	12202	12010	12004
1951.75	11768	12206	12021	12015
1952	11781	12209	12032	12025
1952.25	11794	12214	12043	12035
1952.5	11809	12218	12054	12046
1952.75	11823	12223	12064	12056
1953	11833	12231	12075	12066
1953.25	11842	12242	12087	12077
1953.5	11849	12256	12098	12087
1953.75	11858	12269	12109	12097
1954	11865	12283	12119	12108
1954.25	11876	12288	12126	12114
1954.5	11887	12292	12132	12121
1954.75	11895	12297	12139	12128
1955	11904	12302	12145	12134
1955.25	11913	12308	12151	12141
1955.5	11920	12313	12157	12148
1955.75	11926	12321	12164	12155
1956	11934	12328	12171	12161
1956.25	11940	12334	12178	12168
1956.5	11946	12344	12184	12175
1956.75	11955	12351	12192	12182
1957	11966	12361	12198	12188
1957.25	11983	12363	12205	12195
1957.5	12001	12367	12211	12203
1957.75	12018	12372	12218	12210
1958	12030	12376	12224	12217
1958.25	12042	12381	12231	12224
1958.5	12052	12386	12238	12231
1958.75	12061	12391	12244	12238
1959	12070	12398	12251	12245
1959.25	12079	12406	12259	12253
1959.5	12087	12413	12266	12260
1959.75	12093	12421	12273	12267
1960	12099	12430	12280	12274
1960.25	12113	12436	12286	12280
1960.5	12124	12440	12292	12287
1960.75	12135	12444	12298	12293
1961	12148	12449	12304	12300
1961.25	12157	12457	12310	12306
1961.5	12163	12463	12316	12312
1961.75	12169	12470	12323	12319
1962	12177	12478	12328	12325
1962.25	12185	12487	12335	12331
1962.5	12190	12495	12341	12338
1962.75	12195	12506	12347	12344
1963	12200	12515	12353	12351
1963.25	12218	12520	12360	12358
1963.5	12235	12526	12367	12366
1963.75	12249	12529	12374	12374
1964	12261	12533	12381	12382
1964.25	12273	12538	12388	12390
1964.5	12283	12543	12395	12398
1964.75	12291	12549	12402	12406
1965	12300	12557	12409	12413
1965.25	12307	12565	12417	12421
1965.5	12316	12572	12425	12429
1965.75	12320	12581	12433	12437
1966	12325	12589	12441	12445
1966.25	12341	12594	12452	12456
1966.5	12360	12599	12464	12467
1966.75	12374	12603	12476	12478
1967	12387	12609	12489	12489
1967.25	12397	12614	12501	12500
1967.5	12406	12619	12514	12511
1967.75	12416	12625	12528	12523
1968	12425	12631	12540	12534
1968.25	12435	12639	12553	12545
1968.5	12442	12650	12566	12556
1968.75	12447	12663	12579	12567
1969	12452	12679	12591	12578
1969.25	12468	12685	12605	12591
1969.5	12481	12692	12618	12604
1969.75	12492	12702	12631	12618
1970	12502	12716	12645	12631
1970.25	12507	12739	12659	12644
1970.5	12512	12770	12672	12657
1970.75	12516	12806	12683	12670
1971	12521	12838	12694	12683
1971.25	12525	12874	12703	12696
1971.5	12529	12908	12714	12710
1971.75	12533	12947	12723	12723
1972	12538	12988	12732	12736
1972.25	12550	12999	12745	12749
1972.5	12562	13015	12758	12761
1972.75	12571	13028	12771	12774
1973	12579	13046	12783	12787
1973.25	12588	13062	12795	12800
1973.5	12595	13080	12806	12813
1973.75	12602	13099	12819	12825
1974	12609	13125	12831	12838
1974.25	12614	13154	12844	12851
1974.5	12619	13180	12857	12864
1974.75	12623	13204	12868	12877
1975	12627	13235	12879	12889
1975.25	12638	13242	12892	12902
1975.5	12648	13253	12903	12914
1975.75	12658	13264	12915	12927
1976	12666	13276	12927	12939
1976.25	12676	13291	12938	12952
1976.5	12683	13310	12951	12964
1976.75	12690	13334	12964	12977
1977	12695	13352	12975	12989
1977.25	12703	13378	12986	13002
1977.5	12709	13402	12998	13014
1977.75	12714	13432	13009	13027
1978	12718	13459	13020	13039
1978.25	12732	13472	13033	13052
1978.5	12745	13484	13047	13065
1978.75	12759	13497	13059	13077
1979	12771	13508	13071	13090
1979.25	12781	13524	13085	13103
1979.5	12790	13537	13096	13116
1979.75	12798	13552	13110	13128
1980	12806	13576	13123	13141
1980.25	12814	13603	13137	13154
1980.5	12820	13620	13150	13166
1980.75	12826	13635	13162	13179
1981	12832	13657	13174	13192
1981.25	12845	13674	13186	13205
1981.5	12857	13689	13199	13217
1981.75	12866	13703	13213	13230
1982	12877	13717	13227	13243
1982.25	12885	13730	13238	13256
1982.5	12892	13749	13251	13269
1982.75	12899	13763	13263	13281
1983	12903	13786	13276	13294
1983.25	12909	13804	13290	13307
1983.5	12918	13828	13302	13320
1983.75	12925	13859	13314	13332
1984	12930	13877	13326	13345
1984.25	12942	13889	13339	13358
1984.5	12952	13899	13351	13371
1984.75	12967	13918	13363	13384
1985	12978	13931	13377	13398
1985.25	12987	13946	13390	13411
1985.5	12995	13968	13405	13424
1985.75	13002	13984	13416	13437
1986	13009	14001	13431	13450
1986.25	13016	14022	13444	13463
1986.5	13023	14040	13458	13476
1986.75	13032	14060	13471	13489
1987	13041	14084	13486	13502
1987.25	13053	14104	13496	13515
1987.5	13063	14117	13510	13528
1987.75	13074	14134	13523	13541
1988	13086	14148	13537	13553
